187
188
191
189
190
192
195
194
164
163
171
170
169
168
167
166
165
178
172
176
175
183
182
180
179
181
186
184
185
142
144
143
145
148
146
147
150
149
153
152
151
154
160
155
157
156
159
158
162
161
121
117
116
125
123
122
131
128
126
127
129
136
133
132
134
141
138
137
139
88
86
90
89
98
97
96
95
94
105
104
103
102
101
100
99
108
107
106
115
114
113
112
111
110
109
80
81
77
76
75
74
73
85
84
83
82
199
198
196
197
205
204
200
201
207
206
202
209
208
203
2
1
4
3
6
5
11
10
9
7
16
15
12
14
21
19
18
20
27
26
23
29
28
63
42
41
51
46
45
50
49
31
30
40
35
34
39
38
53
52
62
57
56
61
60
65
72
68
66
67
71
69
70
